(kicad_pcb (version 20171130) (host pcbnew "(5.0.2)-1")

  (general
    (thickness 1.6)
    (drawings 7)
    (tracks 118)
    (zones 0)
    (modules 23)
    (nets 22)
  )

  (page A4)
  (layers
    (0 F.Cu signal)
    (31 B.Cu signal)
    (32 B.Adhes user)
    (33 F.Adhes user)
    (34 B.Paste user)
    (35 F.Paste user)
    (36 B.SilkS user)
    (37 F.SilkS user)
    (38 B.Mask user)
    (39 F.Mask user)
    (40 Dwgs.User user)
    (41 Cmts.User user)
    (42 Eco1.User user)
    (43 Eco2.User user)
    (44 Edge.Cuts user)
    (45 Margin user)
    (46 B.CrtYd user)
    (47 F.CrtYd user)
    (48 B.Fab user hide)
    (49 F.Fab user hide)
  )

  (setup
    (last_trace_width 0.5)
    (user_trace_width 0.5)
    (trace_clearance 0.2)
    (zone_clearance 0.508)
    (zone_45_only no)
    (trace_min 0.2)
    (segment_width 0.2)
    (edge_width 0.15)
    (via_size 0.8)
    (via_drill 0.4)
    (via_min_size 0.4)
    (via_min_drill 0.3)
    (uvia_size 0.3)
    (uvia_drill 0.1)
    (uvias_allowed no)
    (uvia_min_size 0.2)
    (uvia_min_drill 0.1)
    (pcb_text_width 0.3)
    (pcb_text_size 1.5 1.5)
    (mod_edge_width 0.15)
    (mod_text_size 1 1)
    (mod_text_width 0.15)
    (pad_size 1.524 1.524)
    (pad_drill 0.762)
    (pad_to_mask_clearance 0.051)
    (solder_mask_min_width 0.25)
    (aux_axis_origin 0 0)
    (visible_elements 7FFFFFFF)
    (pcbplotparams
      (layerselection 0x010fc_ffffffff)
      (usegerberextensions false)
      (usegerberattributes false)
      (usegerberadvancedattributes false)
      (creategerberjobfile false)
      (excludeedgelayer true)
      (linewidth 0.100000)
      (plotframeref false)
      (viasonmask false)
      (mode 1)
      (useauxorigin false)
      (hpglpennumber 1)
      (hpglpenspeed 20)
      (hpglpendiameter 15.000000)
      (psnegative false)
      (psa4output false)
      (plotreference true)
      (plotvalue true)
      (plotinvisibletext false)
      (padsonsilk false)
      (subtractmaskfromsilk false)
      (outputformat 1)
      (mirror false)
      (drillshape 1)
      (scaleselection 1)
      (outputdirectory ""))
  )

  (net 0 "")
  (net 1 "Net-(R1-Pad1)")
  (net 2 /Left_in)
  (net 3 /Right_in)
  (net 4 "Net-(R2-Pad1)")
  (net 5 GND)
  (net 6 /Left_out)
  (net 7 /Right_out)
  (net 8 "Net-(R9-Pad1)")
  (net 9 +12V)
  (net 10 "Net-(R10-Pad2)")
  (net 11 -12V)
  (net 12 "Net-(J1-PadR2)")
  (net 13 "Net-(J2-PadR2)")
  (net 14 "Net-(C5-Pad2)")
  (net 15 "Net-(SW1-Pad3)")
  (net 16 "Net-(J3-Pad2)")
  (net 17 "Net-(SW1-Pad1)")
  (net 18 "Net-(C7-Pad2)")
  (net 19 "Net-(C6-Pad2)")
  (net 20 "Net-(R8-Pad1)")
  (net 21 "Net-(R7-Pad1)")

  (net_class Default "This is the default net class."
    (clearance 0.2)
    (trace_width 0.25)
    (via_dia 0.8)
    (via_drill 0.4)
    (uvia_dia 0.3)
    (uvia_drill 0.1)
    (add_net +12V)
    (add_net -12V)
    (add_net /Left_in)
    (add_net /Left_out)
    (add_net /Right_in)
    (add_net /Right_out)
    (add_net GND)
    (add_net "Net-(C5-Pad2)")
    (add_net "Net-(C6-Pad2)")
    (add_net "Net-(C7-Pad2)")
    (add_net "Net-(J1-PadR2)")
    (add_net "Net-(J2-PadR2)")
    (add_net "Net-(J3-Pad2)")
    (add_net "Net-(R1-Pad1)")
    (add_net "Net-(R10-Pad2)")
    (add_net "Net-(R2-Pad1)")
    (add_net "Net-(R7-Pad1)")
    (add_net "Net-(R8-Pad1)")
    (add_net "Net-(R9-Pad1)")
    (add_net "Net-(SW1-Pad1)")
    (add_net "Net-(SW1-Pad3)")
  )

  (module Resistor_SMD:R_0805_2012Metric (layer F.Cu) (tedit 5B36C52B) (tstamp 5C5B1DB6)
    (at 115.57 88.9 270)
    (descr "Resistor SMD 0805 (2012 Metric), square (rectangular) end terminal, IPC_7351 nominal, (Body size source: https://docs.google.com/spreadsheets/d/1BsfQQcO9C6DZCsRaXUlFlo91Tg2WpOkGARC1WS5S8t0/edit?usp=sharing), generated with kicad-footprint-generator")
    (tags resistor)
    (path /5C5BFFE4)
    (attr smd)
    (fp_text reference R7 (at 2.413 0) (layer F.SilkS)
      (effects (font (size 1 1) (thickness 0.15)))
    )
    (fp_text value 120R (at 0 1.65 270) (layer F.Fab)
      (effects (font (size 1 1) (thickness 0.15)))
    )
    (fp_text user %R (at 0 0 270) (layer F.Fab)
      (effects (font (size 0.5 0.5) (thickness 0.08)))
    )
    (fp_line (start 1.68 0.95) (end -1.68 0.95) (layer F.CrtYd) (width 0.05))
    (fp_line (start 1.68 -0.95) (end 1.68 0.95) (layer F.CrtYd) (width 0.05))
    (fp_line (start -1.68 -0.95) (end 1.68 -0.95) (layer F.CrtYd) (width 0.05))
    (fp_line (start -1.68 0.95) (end -1.68 -0.95) (layer F.CrtYd) (width 0.05))
    (fp_line (start -0.258578 0.71) (end 0.258578 0.71) (layer F.SilkS) (width 0.12))
    (fp_line (start -0.258578 -0.71) (end 0.258578 -0.71) (layer F.SilkS) (width 0.12))
    (fp_line (start 1 0.6) (end -1 0.6) (layer F.Fab) (width 0.1))
    (fp_line (start 1 -0.6) (end 1 0.6) (layer F.Fab) (width 0.1))
    (fp_line (start -1 -0.6) (end 1 -0.6) (layer F.Fab) (width 0.1))
    (fp_line (start -1 0.6) (end -1 -0.6) (layer F.Fab) (width 0.1))
    (pad 2 smd roundrect (at 0.9375 0 270) (size 0.975 1.4) (layers F.Cu F.Paste F.Mask) (roundrect_rratio 0.25)
      (net 6 /Left_out))
    (pad 1 smd roundrect (at -0.9375 0 270) (size 0.975 1.4) (layers F.Cu F.Paste F.Mask) (roundrect_rratio 0.25)
      (net 21 "Net-(R7-Pad1)"))
    (model ${KISYS3DMOD}/Resistor_SMD.3dshapes/R_0805_2012Metric.wrl
      (at (xyz 0 0 0))
      (scale (xyz 1 1 1))
      (rotate (xyz 0 0 0))
    )
  )

  (module Resistor_SMD:R_0805_2012Metric (layer F.Cu) (tedit 5B36C52B) (tstamp 5C5B1DA5)
    (at 116.7765 77.9145 90)
    (descr "Resistor SMD 0805 (2012 Metric), square (rectangular) end terminal, IPC_7351 nominal, (Body size source: https://docs.google.com/spreadsheets/d/1BsfQQcO9C6DZCsRaXUlFlo91Tg2WpOkGARC1WS5S8t0/edit?usp=sharing), generated with kicad-footprint-generator")
    (tags resistor)
    (path /5C5C459C)
    (attr smd)
    (fp_text reference R8 (at 2.4765 0 180) (layer F.SilkS)
      (effects (font (size 1 1) (thickness 0.15)))
    )
    (fp_text value 120R (at 0 1.65 90) (layer F.Fab)
      (effects (font (size 1 1) (thickness 0.15)))
    )
    (fp_line (start -1 0.6) (end -1 -0.6) (layer F.Fab) (width 0.1))
    (fp_line (start -1 -0.6) (end 1 -0.6) (layer F.Fab) (width 0.1))
    (fp_line (start 1 -0.6) (end 1 0.6) (layer F.Fab) (width 0.1))
    (fp_line (start 1 0.6) (end -1 0.6) (layer F.Fab) (width 0.1))
    (fp_line (start -0.258578 -0.71) (end 0.258578 -0.71) (layer F.SilkS) (width 0.12))
    (fp_line (start -0.258578 0.71) (end 0.258578 0.71) (layer F.SilkS) (width 0.12))
    (fp_line (start -1.68 0.95) (end -1.68 -0.95) (layer F.CrtYd) (width 0.05))
    (fp_line (start -1.68 -0.95) (end 1.68 -0.95) (layer F.CrtYd) (width 0.05))
    (fp_line (start 1.68 -0.95) (end 1.68 0.95) (layer F.CrtYd) (width 0.05))
    (fp_line (start 1.68 0.95) (end -1.68 0.95) (layer F.CrtYd) (width 0.05))
    (fp_text user %R (at 0 0 90) (layer F.Fab)
      (effects (font (size 0.5 0.5) (thickness 0.08)))
    )
    (pad 1 smd roundrect (at -0.9375 0 90) (size 0.975 1.4) (layers F.Cu F.Paste F.Mask) (roundrect_rratio 0.25)
      (net 20 "Net-(R8-Pad1)"))
    (pad 2 smd roundrect (at 0.9375 0 90) (size 0.975 1.4) (layers F.Cu F.Paste F.Mask) (roundrect_rratio 0.25)
      (net 7 /Right_out))
    (model ${KISYS3DMOD}/Resistor_SMD.3dshapes/R_0805_2012Metric.wrl
      (at (xyz 0 0 0))
      (scale (xyz 1 1 1))
      (rotate (xyz 0 0 0))
    )
  )

  (module Capacitor_SMD:C_0805_2012Metric (layer F.Cu) (tedit 5B36C52B) (tstamp 5C5B10C0)
    (at 119.507 88.9 90)
    (descr "Capacitor SMD 0805 (2012 Metric), square (rectangular) end terminal, IPC_7351 nominal, (Body size source: https://docs.google.com/spreadsheets/d/1BsfQQcO9C6DZCsRaXUlFlo91Tg2WpOkGARC1WS5S8t0/edit?usp=sharing), generated with kicad-footprint-generator")
    (tags capacitor)
    (path /5C5B31D4)
    (attr smd)
    (fp_text reference C6 (at -2.413 0 180) (layer F.SilkS)
      (effects (font (size 1 1) (thickness 0.15)))
    )
    (fp_text value 22p (at 0 1.65 90) (layer F.Fab)
      (effects (font (size 1 1) (thickness 0.15)))
    )
    (fp_text user %R (at 0 0 90) (layer F.Fab)
      (effects (font (size 0.5 0.5) (thickness 0.08)))
    )
    (fp_line (start 1.68 0.95) (end -1.68 0.95) (layer F.CrtYd) (width 0.05))
    (fp_line (start 1.68 -0.95) (end 1.68 0.95) (layer F.CrtYd) (width 0.05))
    (fp_line (start -1.68 -0.95) (end 1.68 -0.95) (layer F.CrtYd) (width 0.05))
    (fp_line (start -1.68 0.95) (end -1.68 -0.95) (layer F.CrtYd) (width 0.05))
    (fp_line (start -0.258578 0.71) (end 0.258578 0.71) (layer F.SilkS) (width 0.12))
    (fp_line (start -0.258578 -0.71) (end 0.258578 -0.71) (layer F.SilkS) (width 0.12))
    (fp_line (start 1 0.6) (end -1 0.6) (layer F.Fab) (width 0.1))
    (fp_line (start 1 -0.6) (end 1 0.6) (layer F.Fab) (width 0.1))
    (fp_line (start -1 -0.6) (end 1 -0.6) (layer F.Fab) (width 0.1))
    (fp_line (start -1 0.6) (end -1 -0.6) (layer F.Fab) (width 0.1))
    (pad 2 smd roundrect (at 0.9375 0 90) (size 0.975 1.4) (layers F.Cu F.Paste F.Mask) (roundrect_rratio 0.25)
      (net 19 "Net-(C6-Pad2)"))
    (pad 1 smd roundrect (at -0.9375 0 90) (size 0.975 1.4) (layers F.Cu F.Paste F.Mask) (roundrect_rratio 0.25)
      (net 6 /Left_out))
    (model ${KISYS3DMOD}/Capacitor_SMD.3dshapes/C_0805_2012Metric.wrl
      (at (xyz 0 0 0))
      (scale (xyz 1 1 1))
      (rotate (xyz 0 0 0))
    )
  )

  (module Capacitor_SMD:C_0805_2012Metric (layer F.Cu) (tedit 5B36C52B) (tstamp 5C5B0C13)
    (at 120.65 77.9145 270)
    (descr "Capacitor SMD 0805 (2012 Metric), square (rectangular) end terminal, IPC_7351 nominal, (Body size source: https://docs.google.com/spreadsheets/d/1BsfQQcO9C6DZCsRaXUlFlo91Tg2WpOkGARC1WS5S8t0/edit?usp=sharing), generated with kicad-footprint-generator")
    (tags capacitor)
    (path /5C5B7CE8)
    (attr smd)
    (fp_text reference C7 (at -2.413 0.0635) (layer F.SilkS)
      (effects (font (size 1 1) (thickness 0.15)))
    )
    (fp_text value 22p (at 0 1.65 270) (layer F.Fab)
      (effects (font (size 1 1) (thickness 0.15)))
    )
    (fp_line (start -1 0.6) (end -1 -0.6) (layer F.Fab) (width 0.1))
    (fp_line (start -1 -0.6) (end 1 -0.6) (layer F.Fab) (width 0.1))
    (fp_line (start 1 -0.6) (end 1 0.6) (layer F.Fab) (width 0.1))
    (fp_line (start 1 0.6) (end -1 0.6) (layer F.Fab) (width 0.1))
    (fp_line (start -0.258578 -0.71) (end 0.258578 -0.71) (layer F.SilkS) (width 0.12))
    (fp_line (start -0.258578 0.71) (end 0.258578 0.71) (layer F.SilkS) (width 0.12))
    (fp_line (start -1.68 0.95) (end -1.68 -0.95) (layer F.CrtYd) (width 0.05))
    (fp_line (start -1.68 -0.95) (end 1.68 -0.95) (layer F.CrtYd) (width 0.05))
    (fp_line (start 1.68 -0.95) (end 1.68 0.95) (layer F.CrtYd) (width 0.05))
    (fp_line (start 1.68 0.95) (end -1.68 0.95) (layer F.CrtYd) (width 0.05))
    (fp_text user %R (at 0 0 270) (layer F.Fab)
      (effects (font (size 0.5 0.5) (thickness 0.08)))
    )
    (pad 1 smd roundrect (at -0.9375 0 270) (size 0.975 1.4) (layers F.Cu F.Paste F.Mask) (roundrect_rratio 0.25)
      (net 7 /Right_out))
    (pad 2 smd roundrect (at 0.9375 0 270) (size 0.975 1.4) (layers F.Cu F.Paste F.Mask) (roundrect_rratio 0.25)
      (net 18 "Net-(C7-Pad2)"))
    (model ${KISYS3DMOD}/Capacitor_SMD.3dshapes/C_0805_2012Metric.wrl
      (at (xyz 0 0 0))
      (scale (xyz 1 1 1))
      (rotate (xyz 0 0 0))
    )
  )

  (module Connector_JST:JST_PH_S2B-PH-SM4-TB_1x02-1MP_P2.00mm_Horizontal (layer F.Cu) (tedit 5B78AD87) (tstamp 5C5AEEC8)
    (at 84 77.75 180)
    (descr "JST PH series connector, S2B-PH-SM4-TB (http://www.jst-mfg.com/product/pdf/eng/ePH.pdf), generated with kicad-footprint-generator")
    (tags "connector JST PH top entry")
    (path /5C5AEB8B)
    (attr smd)
    (fp_text reference J3 (at -3.122 -4.292 180) (layer F.SilkS)
      (effects (font (size 1 1) (thickness 0.15)))
    )
    (fp_text value Conn_01x02_Male (at 0 5.8 180) (layer F.Fab)
      (effects (font (size 1 1) (thickness 0.15)))
    )
    (fp_line (start -3.95 -3.2) (end -3.15 -3.2) (layer F.Fab) (width 0.1))
    (fp_line (start -3.15 -3.2) (end -3.15 -1.6) (layer F.Fab) (width 0.1))
    (fp_line (start -3.15 -1.6) (end 3.15 -1.6) (layer F.Fab) (width 0.1))
    (fp_line (start 3.15 -1.6) (end 3.15 -3.2) (layer F.Fab) (width 0.1))
    (fp_line (start 3.15 -3.2) (end 3.95 -3.2) (layer F.Fab) (width 0.1))
    (fp_line (start -4.06 0.94) (end -4.06 -3.31) (layer F.SilkS) (width 0.12))
    (fp_line (start -4.06 -3.31) (end -3.04 -3.31) (layer F.SilkS) (width 0.12))
    (fp_line (start -3.04 -3.31) (end -3.04 -1.71) (layer F.SilkS) (width 0.12))
    (fp_line (start -3.04 -1.71) (end -1.76 -1.71) (layer F.SilkS) (width 0.12))
    (fp_line (start -1.76 -1.71) (end -1.76 -4.6) (layer F.SilkS) (width 0.12))
    (fp_line (start 4.06 0.94) (end 4.06 -3.31) (layer F.SilkS) (width 0.12))
    (fp_line (start 4.06 -3.31) (end 3.04 -3.31) (layer F.SilkS) (width 0.12))
    (fp_line (start 3.04 -3.31) (end 3.04 -1.71) (layer F.SilkS) (width 0.12))
    (fp_line (start 3.04 -1.71) (end 1.76 -1.71) (layer F.SilkS) (width 0.12))
    (fp_line (start -2.34 4.51) (end 2.34 4.51) (layer F.SilkS) (width 0.12))
    (fp_line (start -3.95 4.4) (end 3.95 4.4) (layer F.Fab) (width 0.1))
    (fp_line (start -3.95 -3.2) (end -3.95 4.4) (layer F.Fab) (width 0.1))
    (fp_line (start 3.95 -3.2) (end 3.95 4.4) (layer F.Fab) (width 0.1))
    (fp_line (start -4.6 -5.1) (end -4.6 5.1) (layer F.CrtYd) (width 0.05))
    (fp_line (start -4.6 5.1) (end 4.6 5.1) (layer F.CrtYd) (width 0.05))
    (fp_line (start 4.6 5.1) (end 4.6 -5.1) (layer F.CrtYd) (width 0.05))
    (fp_line (start 4.6 -5.1) (end -4.6 -5.1) (layer F.CrtYd) (width 0.05))
    (fp_line (start -1.5 -1.6) (end -1 -0.892893) (layer F.Fab) (width 0.1))
    (fp_line (start -1 -0.892893) (end -0.5 -1.6) (layer F.Fab) (width 0.1))
    (fp_text user %R (at 0 1.5 180) (layer F.Fab)
      (effects (font (size 1 1) (thickness 0.15)))
    )
    (pad 1 smd roundrect (at -1 -2.85 180) (size 1 3.5) (layers F.Cu F.Paste F.Mask) (roundrect_rratio 0.25)
      (net 14 "Net-(C5-Pad2)"))
    (pad 2 smd roundrect (at 1 -2.85 180) (size 1 3.5) (layers F.Cu F.Paste F.Mask) (roundrect_rratio 0.25)
      (net 16 "Net-(J3-Pad2)"))
    (pad MP smd roundrect (at -3.35 2.9 180) (size 1.5 3.4) (layers F.Cu F.Paste F.Mask) (roundrect_rratio 0.166667))
    (pad MP smd roundrect (at 3.35 2.9 180) (size 1.5 3.4) (layers F.Cu F.Paste F.Mask) (roundrect_rratio 0.166667))
    (model ${KISYS3DMOD}/Connector_JST.3dshapes/JST_PH_S2B-PH-SM4-TB_1x02-1MP_P2.00mm_Horizontal.wrl
      (at (xyz 0 0 0))
      (scale (xyz 1 1 1))
      (rotate (xyz 0 0 0))
    )
  )

  (module Button_Switch_SMD:SW_SPDT_CK-JS102011SAQN (layer F.Cu) (tedit 5A02FC95) (tstamp 5C5A56E1)
    (at 81.28 87.63 270)
    (descr http://www.ckswitches.com/media/1422/js.pdf)
    (tags "switch spdt")
    (path /5C59CAE8)
    (attr smd)
    (fp_text reference SW1 (at 2.79 -6.334) (layer F.SilkS)
      (effects (font (size 1 1) (thickness 0.15)))
    )
    (fp_text value SW_SPDT (at 0 -2.9 270) (layer F.Fab)
      (effects (font (size 1 1) (thickness 0.15)))
    )
    (fp_line (start -4.5 -1.8) (end 4.5 -1.8) (layer F.Fab) (width 0.1))
    (fp_line (start 4.5 -1.8) (end 4.5 1.8) (layer F.Fab) (width 0.1))
    (fp_line (start 4.5 1.8) (end -4.4 1.8) (layer F.Fab) (width 0.1))
    (fp_line (start -4.4 1.8) (end -4.5 1.8) (layer F.Fab) (width 0.1))
    (fp_line (start -4.5 1.8) (end -4.5 1.8) (layer F.Fab) (width 0.1))
    (fp_line (start -4.5 -1.8) (end -4.5 1.8) (layer F.Fab) (width 0.1))
    (fp_line (start -4.5 1.8) (end -4.5 1.8) (layer F.Fab) (width 0.1))
    (fp_text user %R (at 0 0 270) (layer F.Fab)
      (effects (font (size 1 1) (thickness 0.15)))
    )
    (fp_line (start -1.5 1.8) (end -1.5 1.8) (layer F.Fab) (width 0.1))
    (fp_line (start 3.2 -1.9) (end 4.6 -1.9) (layer F.SilkS) (width 0.12))
    (fp_line (start 4.6 -1.9) (end 4.6 1.9) (layer F.SilkS) (width 0.12))
    (fp_line (start -4.6 1.9) (end -4.6 -1.9) (layer F.SilkS) (width 0.12))
    (fp_line (start -4.6 -1.9) (end -3.2 -1.9) (layer F.SilkS) (width 0.12))
    (fp_line (start 1.8 -1.9) (end 0.7 -1.9) (layer F.SilkS) (width 0.12))
    (fp_line (start 0.7 -1.9) (end 0.7 -1.9) (layer F.SilkS) (width 0.12))
    (fp_line (start -0.7 -1.9) (end -1.8 -1.9) (layer F.SilkS) (width 0.12))
    (fp_line (start -1.8 -1.9) (end -1.8 -1.9) (layer F.SilkS) (width 0.12))
    (fp_line (start 0.3 1.8) (end 0.3 2.1) (layer F.Fab) (width 0.1))
    (fp_line (start 0.3 2.1) (end -0.3 2.1) (layer F.Fab) (width 0.1))
    (fp_line (start -0.3 2.1) (end -0.3 1.8) (layer F.Fab) (width 0.1))
    (fp_line (start -0.3 1.8) (end -0.3 1.8) (layer F.Fab) (width 0.1))
    (fp_line (start -2.2 1.8) (end -2.2 2.1) (layer F.Fab) (width 0.1))
    (fp_line (start -2.2 2.1) (end -2.8 2.1) (layer F.Fab) (width 0.1))
    (fp_line (start -2.8 2.1) (end -2.8 1.8) (layer F.Fab) (width 0.1))
    (fp_line (start -2.8 1.8) (end -2.8 1.8) (layer F.Fab) (width 0.1))
    (fp_line (start 2.2 1.8) (end 2.2 2.1) (layer F.Fab) (width 0.1))
    (fp_line (start 2.2 2.1) (end 2.8 2.1) (layer F.Fab) (width 0.1))
    (fp_line (start 2.8 2.1) (end 2.8 1.8) (layer F.Fab) (width 0.1))
    (fp_line (start 2.8 1.8) (end 2.8 1.8) (layer F.Fab) (width 0.1))
    (fp_line (start 4.6 1.9) (end 2.9 1.9) (layer F.SilkS) (width 0.12))
    (fp_line (start 2.9 1.9) (end 2.9 2.2) (layer F.SilkS) (width 0.12))
    (fp_line (start 2.9 2.2) (end 2.1 2.2) (layer F.SilkS) (width 0.12))
    (fp_line (start 2.1 2.2) (end 2.1 1.9) (layer F.SilkS) (width 0.12))
    (fp_line (start 2.1 1.9) (end 0.4 1.9) (layer F.SilkS) (width 0.12))
    (fp_line (start 0.4 1.9) (end 0.4 2.2) (layer F.SilkS) (width 0.12))
    (fp_line (start 0.4 2.2) (end -0.4 2.2) (layer F.SilkS) (width 0.12))
    (fp_line (start -0.4 2.2) (end -0.4 1.9) (layer F.SilkS) (width 0.12))
    (fp_line (start -0.4 1.9) (end -2.1 1.9) (layer F.SilkS) (width 0.12))
    (fp_line (start -2.1 1.9) (end -2.1 2.2) (layer F.SilkS) (width 0.12))
    (fp_line (start -2.1 2.2) (end -2.9 2.2) (layer F.SilkS) (width 0.12))
    (fp_line (start -2.9 2.2) (end -2.9 1.9) (layer F.SilkS) (width 0.12))
    (fp_line (start -2.9 1.9) (end -4.6 1.9) (layer F.SilkS) (width 0.12))
    (fp_line (start -4.6 1.9) (end -4.6 1.9) (layer F.SilkS) (width 0.12))
    (fp_line (start -0.5 1.8) (end -0.5 3.8) (layer F.Fab) (width 0.1))
    (fp_line (start -0.5 3.8) (end -2 3.8) (layer F.Fab) (width 0.1))
    (fp_line (start -2 3.8) (end -2 1.8) (layer F.Fab) (width 0.1))
    (fp_line (start -2 1.8) (end -2 1.8) (layer F.Fab) (width 0.1))
    (fp_line (start -5 -2.25) (end -5 2.25) (layer F.CrtYd) (width 0.05))
    (fp_line (start -5 2.25) (end -3.25 2.25) (layer F.CrtYd) (width 0.05))
    (fp_line (start -3.25 2.25) (end -3.25 2.75) (layer F.CrtYd) (width 0.05))
    (fp_line (start -3.25 2.75) (end -2.5 2.75) (layer F.CrtYd) (width 0.05))
    (fp_line (start -2.5 2.75) (end -2.5 4.25) (layer F.CrtYd) (width 0.05))
    (fp_line (start -2.5 4.25) (end 2.5 4.25) (layer F.CrtYd) (width 0.05))
    (fp_line (start 2.5 4.25) (end 2.5 2.5) (layer F.CrtYd) (width 0.05))
    (fp_line (start 2.5 2.5) (end 3.25 2.5) (layer F.CrtYd) (width 0.05))
    (fp_line (start 3.25 2.5) (end 3.25 2.25) (layer F.CrtYd) (width 0.05))
    (fp_line (start 3.25 2.25) (end 5 2.25) (layer F.CrtYd) (width 0.05))
    (fp_line (start 5 2.25) (end 5 -2.25) (layer F.CrtYd) (width 0.05))
    (fp_line (start 5 -2.25) (end 3.5 -2.25) (layer F.CrtYd) (width 0.05))
    (fp_line (start 3.5 -2.25) (end 3.5 -4.5) (layer F.CrtYd) (width 0.05))
    (fp_line (start 3.5 -4.5) (end -3.5 -4.5) (layer F.CrtYd) (width 0.05))
    (fp_line (start -3.5 -4.5) (end -3.5 -2.25) (layer F.CrtYd) (width 0.05))
    (fp_line (start -3.5 -2.25) (end -5 -2.25) (layer F.CrtYd) (width 0.05))
    (fp_line (start -5 -2.25) (end -5 -2.25) (layer F.CrtYd) (width 0.05))
    (fp_line (start -2 3.8) (end -2 3.3) (layer F.SilkS) (width 0.12))
    (fp_line (start -2 3.3) (end -2 3.3) (layer F.SilkS) (width 0.12))
    (fp_line (start -2 3.8) (end -1.5 3.8) (layer F.SilkS) (width 0.12))
    (fp_line (start -1.5 3.8) (end -1.5 3.8) (layer F.SilkS) (width 0.12))
    (fp_line (start 2 3.8) (end 1.5 3.8) (layer F.SilkS) (width 0.12))
    (fp_line (start 1.5 3.8) (end 1.5 3.8) (layer F.SilkS) (width 0.12))
    (fp_line (start 2 3.8) (end 2 3.3) (layer F.SilkS) (width 0.12))
    (fp_line (start 2 3.3) (end 2 3.3) (layer F.SilkS) (width 0.12))
    (fp_line (start 2 3) (end 2 2.5) (layer F.SilkS) (width 0.12))
    (fp_line (start 2 2.5) (end 2 2.5) (layer F.SilkS) (width 0.12))
    (fp_line (start -2 3) (end -2 2.5) (layer F.SilkS) (width 0.12))
    (fp_line (start -2 2.5) (end -2 2.5) (layer F.SilkS) (width 0.12))
    (fp_line (start -1.2 3.8) (end -0.7 3.8) (layer F.SilkS) (width 0.12))
    (fp_line (start -0.7 3.8) (end -0.7 3.8) (layer F.SilkS) (width 0.12))
    (fp_line (start 1.2 3.8) (end 0.7 3.8) (layer F.SilkS) (width 0.12))
    (fp_line (start 0.7 3.8) (end 0.7 3.8) (layer F.SilkS) (width 0.12))
    (fp_line (start 0.4 3.8) (end -0.4 3.8) (layer F.SilkS) (width 0.12))
    (fp_line (start -0.4 3.8) (end -0.4 3.8) (layer F.SilkS) (width 0.12))
    (pad 1 smd rect (at -2.5 -2.75 270) (size 1.25 2.5) (layers F.Cu F.Paste F.Mask)
      (net 17 "Net-(SW1-Pad1)"))
    (pad 2 smd rect (at 0 -2.75 270) (size 1.25 2.5) (layers F.Cu F.Paste F.Mask)
      (net 16 "Net-(J3-Pad2)"))
    (pad 3 smd rect (at 2.5 -2.75 270) (size 1.25 2.5) (layers F.Cu F.Paste F.Mask)
      (net 15 "Net-(SW1-Pad3)"))
    (pad "" np_thru_hole circle (at -3.4 0 270) (size 0.9 0.9) (drill 0.9) (layers *.Cu *.Mask))
    (pad "" np_thru_hole circle (at 3.4 0 270) (size 0.9 0.9) (drill 0.9) (layers *.Cu *.Mask))
    (model ${KISYS3DMOD}/Button_Switch_SMD.3dshapes/SW_SPDT_CK-JS102011SAQN.wrl
      (at (xyz 0 0 0))
      (scale (xyz 1 1 1))
      (rotate (xyz 0 0 0))
    )
  )

  (module Capacitor_SMD:C_0805_2012Metric (layer F.Cu) (tedit 5B36C52B) (tstamp 5C5A5606)
    (at 95.812 91.921 180)
    (descr "Capacitor SMD 0805 (2012 Metric), square (rectangular) end terminal, IPC_7351 nominal, (Body size source: https://docs.google.com/spreadsheets/d/1BsfQQcO9C6DZCsRaXUlFlo91Tg2WpOkGARC1WS5S8t0/edit?usp=sharing), generated with kicad-footprint-generator")
    (tags capacitor)
    (path /5C59FAD9)
    (attr smd)
    (fp_text reference C5 (at 2.794 0) (layer F.SilkS)
      (effects (font (size 1 1) (thickness 0.15)))
    )
    (fp_text value 100p (at 0 1.65 180) (layer F.Fab)
      (effects (font (size 1 1) (thickness 0.15)))
    )
    (fp_line (start -1 0.6) (end -1 -0.6) (layer F.Fab) (width 0.1))
    (fp_line (start -1 -0.6) (end 1 -0.6) (layer F.Fab) (width 0.1))
    (fp_line (start 1 -0.6) (end 1 0.6) (layer F.Fab) (width 0.1))
    (fp_line (start 1 0.6) (end -1 0.6) (layer F.Fab) (width 0.1))
    (fp_line (start -0.258578 -0.71) (end 0.258578 -0.71) (layer F.SilkS) (width 0.12))
    (fp_line (start -0.258578 0.71) (end 0.258578 0.71) (layer F.SilkS) (width 0.12))
    (fp_line (start -1.68 0.95) (end -1.68 -0.95) (layer F.CrtYd) (width 0.05))
    (fp_line (start -1.68 -0.95) (end 1.68 -0.95) (layer F.CrtYd) (width 0.05))
    (fp_line (start 1.68 -0.95) (end 1.68 0.95) (layer F.CrtYd) (width 0.05))
    (fp_line (start 1.68 0.95) (end -1.68 0.95) (layer F.CrtYd) (width 0.05))
    (fp_text user %R (at 0 0 180) (layer F.Fab)
      (effects (font (size 0.5 0.5) (thickness 0.08)))
    )
    (pad 1 smd roundrect (at -0.9375 0 180) (size 0.975 1.4) (layers F.Cu F.Paste F.Mask) (roundrect_rratio 0.25)
      (net 5 GND))
    (pad 2 smd roundrect (at 0.9375 0 180) (size 0.975 1.4) (layers F.Cu F.Paste F.Mask) (roundrect_rratio 0.25)
      (net 14 "Net-(C5-Pad2)"))
    (model ${KISYS3DMOD}/Capacitor_SMD.3dshapes/C_0805_2012Metric.wrl
      (at (xyz 0 0 0))
      (scale (xyz 1 1 1))
      (rotate (xyz 0 0 0))
    )
  )

  (module Footprints:TMAxxxxD_horizontal (layer F.Cu) (tedit 5C59BB40) (tstamp 5C59E7A9)
    (at 89 86.3)
    (path /5C5A5764)
    (fp_text reference U2 (at 0.9 1.1) (layer F.SilkS)
      (effects (font (size 1 1) (thickness 0.15)))
    )
    (fp_text value TMA0512D (at 10.5 -5.576) (layer F.Fab)
      (effects (font (size 1 1) (thickness 0.15)))
    )
    (fp_line (start 0 0) (end 22 0) (layer Edge.Cuts) (width 0.15))
    (fp_line (start 22 0) (end 22 -12) (layer Edge.Cuts) (width 0.15))
    (fp_line (start 22 -12) (end 0 -12) (layer Edge.Cuts) (width 0.15))
    (fp_line (start 0 -12) (end 0 0) (layer Edge.Cuts) (width 0.15))
    (pad 6 smd rect (at 16.03 2.21) (size 1.8 4.3) (layers F.Cu F.Paste F.Mask)
      (net 8 "Net-(R9-Pad1)"))
    (pad 5 smd rect (at 13.49 2.21) (size 1.8 4.3) (layers F.Cu F.Paste F.Mask)
      (net 5 GND))
    (pad 4 smd rect (at 10.95 2.21) (size 1.8 4.3) (layers F.Cu F.Paste F.Mask)
      (net 10 "Net-(R10-Pad2)"))
    (pad 2 smd rect (at 5.87 2.21) (size 1.8 4.3) (layers F.Cu F.Paste F.Mask)
      (net 14 "Net-(C5-Pad2)"))
    (pad 1 smd rect (at 3.33 2.21) (size 1.8 4.3) (layers F.Cu F.Paste F.Mask)
      (net 15 "Net-(SW1-Pad3)"))
  )

  (module Capacitor_SMD:C_0805_2012Metric (layer F.Cu) (tedit 5B36C52B) (tstamp 5C59D08D)
    (at 110.163 91.921 180)
    (descr "Capacitor SMD 0805 (2012 Metric), square (rectangular) end terminal, IPC_7351 nominal, (Body size source: https://docs.google.com/spreadsheets/d/1BsfQQcO9C6DZCsRaXUlFlo91Tg2WpOkGARC1WS5S8t0/edit?usp=sharing), generated with kicad-footprint-generator")
    (tags capacitor)
    (path /5C5A8D97)
    (attr smd)
    (fp_text reference C1 (at -2.587 -0.079 180) (layer F.SilkS)
      (effects (font (size 1 1) (thickness 0.15)))
    )
    (fp_text value 10u (at 0 1.65 180) (layer F.Fab)
      (effects (font (size 1 1) (thickness 0.15)))
    )
    (fp_text user %R (at 0 0 180) (layer F.Fab)
      (effects (font (size 0.5 0.5) (thickness 0.08)))
    )
    (fp_line (start 1.68 0.95) (end -1.68 0.95) (layer F.CrtYd) (width 0.05))
    (fp_line (start 1.68 -0.95) (end 1.68 0.95) (layer F.CrtYd) (width 0.05))
    (fp_line (start -1.68 -0.95) (end 1.68 -0.95) (layer F.CrtYd) (width 0.05))
    (fp_line (start -1.68 0.95) (end -1.68 -0.95) (layer F.CrtYd) (width 0.05))
    (fp_line (start -0.258578 0.71) (end 0.258578 0.71) (layer F.SilkS) (width 0.12))
    (fp_line (start -0.258578 -0.71) (end 0.258578 -0.71) (layer F.SilkS) (width 0.12))
    (fp_line (start 1 0.6) (end -1 0.6) (layer F.Fab) (width 0.1))
    (fp_line (start 1 -0.6) (end 1 0.6) (layer F.Fab) (width 0.1))
    (fp_line (start -1 -0.6) (end 1 -0.6) (layer F.Fab) (width 0.1))
    (fp_line (start -1 0.6) (end -1 -0.6) (layer F.Fab) (width 0.1))
    (pad 2 smd roundrect (at 0.9375 0 180) (size 0.975 1.4) (layers F.Cu F.Paste F.Mask) (roundrect_rratio 0.25)
      (net 5 GND))
    (pad 1 smd roundrect (at -0.9375 0 180) (size 0.975 1.4) (layers F.Cu F.Paste F.Mask) (roundrect_rratio 0.25)
      (net 11 -12V))
    (model ${KISYS3DMOD}/Capacitor_SMD.3dshapes/C_0805_2012Metric.wrl
      (at (xyz 0 0 0))
      (scale (xyz 1 1 1))
      (rotate (xyz 0 0 0))
    )
  )

  (module Capacitor_SMD:C_0805_2012Metric (layer F.Cu) (tedit 5B36C52B) (tstamp 5C59D07C)
    (at 112.195 85.19 90)
    (descr "Capacitor SMD 0805 (2012 Metric), square (rectangular) end terminal, IPC_7351 nominal, (Body size source: https://docs.google.com/spreadsheets/d/1BsfQQcO9C6DZCsRaXUlFlo91Tg2WpOkGARC1WS5S8t0/edit?usp=sharing), generated with kicad-footprint-generator")
    (tags capacitor)
    (path /5C5A8E35)
    (attr smd)
    (fp_text reference C2 (at 2.44 0.055 180) (layer F.SilkS)
      (effects (font (size 1 1) (thickness 0.15)))
    )
    (fp_text value 10u (at 0 1.65 90) (layer F.Fab)
      (effects (font (size 1 1) (thickness 0.15)))
    )
    (fp_line (start -1 0.6) (end -1 -0.6) (layer F.Fab) (width 0.1))
    (fp_line (start -1 -0.6) (end 1 -0.6) (layer F.Fab) (width 0.1))
    (fp_line (start 1 -0.6) (end 1 0.6) (layer F.Fab) (width 0.1))
    (fp_line (start 1 0.6) (end -1 0.6) (layer F.Fab) (width 0.1))
    (fp_line (start -0.258578 -0.71) (end 0.258578 -0.71) (layer F.SilkS) (width 0.12))
    (fp_line (start -0.258578 0.71) (end 0.258578 0.71) (layer F.SilkS) (width 0.12))
    (fp_line (start -1.68 0.95) (end -1.68 -0.95) (layer F.CrtYd) (width 0.05))
    (fp_line (start -1.68 -0.95) (end 1.68 -0.95) (layer F.CrtYd) (width 0.05))
    (fp_line (start 1.68 -0.95) (end 1.68 0.95) (layer F.CrtYd) (width 0.05))
    (fp_line (start 1.68 0.95) (end -1.68 0.95) (layer F.CrtYd) (width 0.05))
    (fp_text user %R (at 0 0 90) (layer F.Fab)
      (effects (font (size 0.5 0.5) (thickness 0.08)))
    )
    (pad 1 smd roundrect (at -0.9375 0 90) (size 0.975 1.4) (layers F.Cu F.Paste F.Mask) (roundrect_rratio 0.25)
      (net 9 +12V))
    (pad 2 smd roundrect (at 0.9375 0 90) (size 0.975 1.4) (layers F.Cu F.Paste F.Mask) (roundrect_rratio 0.25)
      (net 5 GND))
    (model ${KISYS3DMOD}/Capacitor_SMD.3dshapes/C_0805_2012Metric.wrl
      (at (xyz 0 0 0))
      (scale (xyz 1 1 1))
      (rotate (xyz 0 0 0))
    )
  )

  (module Capacitor_SMD:C_0805_2012Metric (layer F.Cu) (tedit 5B36C52B) (tstamp 5C59D06B)
    (at 114.354 79.856 90)
    (descr "Capacitor SMD 0805 (2012 Metric), square (rectangular) end terminal, IPC_7351 nominal, (Body size source: https://docs.google.com/spreadsheets/d/1BsfQQcO9C6DZCsRaXUlFlo91Tg2WpOkGARC1WS5S8t0/edit?usp=sharing), generated with kicad-footprint-generator")
    (tags capacitor)
    (path /5C5B5928)
    (attr smd)
    (fp_text reference C3 (at 2.606 0 180) (layer F.SilkS)
      (effects (font (size 1 1) (thickness 0.15)))
    )
    (fp_text value 100n (at 0 1.65 90) (layer F.Fab)
      (effects (font (size 1 1) (thickness 0.15)))
    )
    (fp_text user %R (at 0 0 90) (layer F.Fab)
      (effects (font (size 0.5 0.5) (thickness 0.08)))
    )
    (fp_line (start 1.68 0.95) (end -1.68 0.95) (layer F.CrtYd) (width 0.05))
    (fp_line (start 1.68 -0.95) (end 1.68 0.95) (layer F.CrtYd) (width 0.05))
    (fp_line (start -1.68 -0.95) (end 1.68 -0.95) (layer F.CrtYd) (width 0.05))
    (fp_line (start -1.68 0.95) (end -1.68 -0.95) (layer F.CrtYd) (width 0.05))
    (fp_line (start -0.258578 0.71) (end 0.258578 0.71) (layer F.SilkS) (width 0.12))
    (fp_line (start -0.258578 -0.71) (end 0.258578 -0.71) (layer F.SilkS) (width 0.12))
    (fp_line (start 1 0.6) (end -1 0.6) (layer F.Fab) (width 0.1))
    (fp_line (start 1 -0.6) (end 1 0.6) (layer F.Fab) (width 0.1))
    (fp_line (start -1 -0.6) (end 1 -0.6) (layer F.Fab) (width 0.1))
    (fp_line (start -1 0.6) (end -1 -0.6) (layer F.Fab) (width 0.1))
    (pad 2 smd roundrect (at 0.9375 0 90) (size 0.975 1.4) (layers F.Cu F.Paste F.Mask) (roundrect_rratio 0.25)
      (net 5 GND))
    (pad 1 smd roundrect (at -0.9375 0 90) (size 0.975 1.4) (layers F.Cu F.Paste F.Mask) (roundrect_rratio 0.25)
      (net 9 +12V))
    (model ${KISYS3DMOD}/Capacitor_SMD.3dshapes/C_0805_2012Metric.wrl
      (at (xyz 0 0 0))
      (scale (xyz 1 1 1))
      (rotate (xyz 0 0 0))
    )
  )

  (module Capacitor_SMD:C_0805_2012Metric (layer F.Cu) (tedit 5B36C52B) (tstamp 5C59D05A)
    (at 122.8725 84.709 180)
    (descr "Capacitor SMD 0805 (2012 Metric), square (rectangular) end terminal, IPC_7351 nominal, (Body size source: https://docs.google.com/spreadsheets/d/1BsfQQcO9C6DZCsRaXUlFlo91Tg2WpOkGARC1WS5S8t0/edit?usp=sharing), generated with kicad-footprint-generator")
    (tags capacitor)
    (path /5C5B5A2E)
    (attr smd)
    (fp_text reference C4 (at 0 1.5875) (layer F.SilkS)
      (effects (font (size 1 1) (thickness 0.15)))
    )
    (fp_text value 100n (at 0 1.65 180) (layer F.Fab)
      (effects (font (size 1 1) (thickness 0.15)))
    )
    (fp_line (start -1 0.6) (end -1 -0.6) (layer F.Fab) (width 0.1))
    (fp_line (start -1 -0.6) (end 1 -0.6) (layer F.Fab) (width 0.1))
    (fp_line (start 1 -0.6) (end 1 0.6) (layer F.Fab) (width 0.1))
    (fp_line (start 1 0.6) (end -1 0.6) (layer F.Fab) (width 0.1))
    (fp_line (start -0.258578 -0.71) (end 0.258578 -0.71) (layer F.SilkS) (width 0.12))
    (fp_line (start -0.258578 0.71) (end 0.258578 0.71) (layer F.SilkS) (width 0.12))
    (fp_line (start -1.68 0.95) (end -1.68 -0.95) (layer F.CrtYd) (width 0.05))
    (fp_line (start -1.68 -0.95) (end 1.68 -0.95) (layer F.CrtYd) (width 0.05))
    (fp_line (start 1.68 -0.95) (end 1.68 0.95) (layer F.CrtYd) (width 0.05))
    (fp_line (start 1.68 0.95) (end -1.68 0.95) (layer F.CrtYd) (width 0.05))
    (fp_text user %R (at 0 0 180) (layer F.Fab)
      (effects (font (size 0.5 0.5) (thickness 0.08)))
    )
    (pad 1 smd roundrect (at -0.9375 0 180) (size 0.975 1.4) (layers F.Cu F.Paste F.Mask) (roundrect_rratio 0.25)
      (net 5 GND))
    (pad 2 smd roundrect (at 0.9375 0 180) (size 0.975 1.4) (layers F.Cu F.Paste F.Mask) (roundrect_rratio 0.25)
      (net 11 -12V))
    (model ${KISYS3DMOD}/Capacitor_SMD.3dshapes/C_0805_2012Metric.wrl
      (at (xyz 0 0 0))
      (scale (xyz 1 1 1))
      (rotate (xyz 0 0 0))
    )
  )

  (module Connector_Audio:Jack_3.5mm_PJ320D_Horizontal (layer F.Cu) (tedit 5BF5E15D) (tstamp 5C59D049)
    (at 134.675 77.951 180)
    (descr "Headphones with microphone connector, 3.5mm, 4 pins (http://www.qingpu-electronics.com/en/products/WQP-PJ320D-72.html)")
    (tags "3.5mm jack mic microphone phones headphones 4pins audio plug")
    (path /5C5A5EA8)
    (attr smd)
    (fp_text reference J1 (at 7.175 3.201 180) (layer F.SilkS)
      (effects (font (size 1 1) (thickness 0.15)))
    )
    (fp_text value AudioJack4 (at -0.025 6.35 180) (layer F.Fab)
      (effects (font (size 1 1) (thickness 0.15)))
    )
    (fp_circle (center 3.9 -2.35) (end 3.95 -2.1) (layer F.Fab) (width 0.12))
    (fp_line (start -6.375 2.5) (end -8.375 2.5) (layer F.SilkS) (width 0.12))
    (fp_line (start -6.375 -2.5) (end -8.375 -2.5) (layer F.SilkS) (width 0.12))
    (fp_line (start -8.375 -2.5) (end -8.375 2.5) (layer F.SilkS) (width 0.12))
    (fp_line (start -6.375 2.5) (end -6.375 3.1) (layer F.SilkS) (width 0.12))
    (fp_line (start -6.375 -3.1) (end -6.375 -2.5) (layer F.SilkS) (width 0.12))
    (fp_line (start -8.73 -5) (end 6.07 -5) (layer F.CrtYd) (width 0.05))
    (fp_line (start -8.73 5) (end 6.07 5) (layer F.CrtYd) (width 0.05))
    (fp_line (start 5.725 3.1) (end 5.725 -3.1) (layer F.SilkS) (width 0.12))
    (fp_line (start -8.73 5) (end -8.73 -5) (layer F.CrtYd) (width 0.05))
    (fp_line (start 6.07 5) (end 6.07 -5) (layer F.CrtYd) (width 0.05))
    (fp_line (start -6.375 -3.1) (end -4 -3.1) (layer F.SilkS) (width 0.12))
    (fp_line (start -2.35 -3.1) (end -1 -3.1) (layer F.SilkS) (width 0.12))
    (fp_line (start 0.65 -3.1) (end 3.05 -3.1) (layer F.SilkS) (width 0.12))
    (fp_line (start 4.6 -3.1) (end 5.725 -3.1) (layer F.SilkS) (width 0.12))
    (fp_line (start 4.15 3.1) (end -6.375 3.1) (layer F.SilkS) (width 0.12))
    (fp_line (start 5.575 -2.9) (end 5.575 2.9) (layer F.Fab) (width 0.1))
    (fp_line (start -6.225 -2.9) (end 5.575 -2.9) (layer F.Fab) (width 0.1))
    (fp_line (start -6.225 -2.3) (end -6.225 -2.9) (layer F.Fab) (width 0.1))
    (fp_line (start -8.225 -2.3) (end -6.225 -2.3) (layer F.Fab) (width 0.1))
    (fp_line (start -8.225 2.3) (end -8.225 -2.3) (layer F.Fab) (width 0.1))
    (fp_line (start -6.225 2.3) (end -8.225 2.3) (layer F.Fab) (width 0.1))
    (fp_line (start -6.225 2.9) (end -6.225 2.3) (layer F.Fab) (width 0.1))
    (fp_line (start 5.575 2.9) (end -6.225 2.9) (layer F.Fab) (width 0.1))
    (fp_line (start 4.6 -3.1) (end 4.6 -4.5) (layer F.SilkS) (width 0.12))
    (fp_line (start 3.05 -3.1) (end 3.05 -4.5) (layer F.SilkS) (width 0.12))
    (fp_text user %R (at -1.195 0 180) (layer F.Fab)
      (effects (font (size 1 1) (thickness 0.15)))
    )
    (pad "" np_thru_hole circle (at 2.225 0 180) (size 1.5 1.5) (drill 1.5) (layers *.Cu *.Mask))
    (pad "" np_thru_hole circle (at -4.775 0 180) (size 1.5 1.5) (drill 1.5) (layers *.Cu *.Mask))
    (pad S smd rect (at -3.175 -3.25 180) (size 1.2 2.5) (layers F.Cu F.Paste F.Mask)
      (net 5 GND))
    (pad R1 smd rect (at -0.175 -3.25 180) (size 1.2 2.5) (layers F.Cu F.Paste F.Mask)
      (net 3 /Right_in))
    (pad T smd rect (at 3.825 -3.25 180) (size 1.2 2.5) (layers F.Cu F.Paste F.Mask)
      (net 2 /Left_in))
    (pad R2 smd rect (at 4.925 3.25 180) (size 1.2 2.5) (layers F.Cu F.Paste F.Mask)
      (net 12 "Net-(J1-PadR2)"))
    (model ${KISYS3DMOD}/Connector_Audio.3dshapes/Jack_3.5mm_PJ320D_Horizontal.wrl
      (at (xyz 0 0 0))
      (scale (xyz 1 1 1))
      (rotate (xyz 0 0 0))
    )
  )

  (module Connector_Audio:Jack_3.5mm_PJ320D_Horizontal (layer F.Cu) (tedit 5BF5E15D) (tstamp 5C59D024)
    (at 134.675 87.984 180)
    (descr "Headphones with microphone connector, 3.5mm, 4 pins (http://www.qingpu-electronics.com/en/products/WQP-PJ320D-72.html)")
    (tags "3.5mm jack mic microphone phones headphones 4pins audio plug")
    (path /5C5AB90E)
    (attr smd)
    (fp_text reference J2 (at 6.925 3.234 180) (layer F.SilkS)
      (effects (font (size 1 1) (thickness 0.15)))
    )
    (fp_text value AudioJack4 (at -0.025 6.35 180) (layer F.Fab)
      (effects (font (size 1 1) (thickness 0.15)))
    )
    (fp_text user %R (at -1.195 0 180) (layer F.Fab)
      (effects (font (size 1 1) (thickness 0.15)))
    )
    (fp_line (start 3.05 -3.1) (end 3.05 -4.5) (layer F.SilkS) (width 0.12))
    (fp_line (start 4.6 -3.1) (end 4.6 -4.5) (layer F.SilkS) (width 0.12))
    (fp_line (start 5.575 2.9) (end -6.225 2.9) (layer F.Fab) (width 0.1))
    (fp_line (start -6.225 2.9) (end -6.225 2.3) (layer F.Fab) (width 0.1))
    (fp_line (start -6.225 2.3) (end -8.225 2.3) (layer F.Fab) (width 0.1))
    (fp_line (start -8.225 2.3) (end -8.225 -2.3) (layer F.Fab) (width 0.1))
    (fp_line (start -8.225 -2.3) (end -6.225 -2.3) (layer F.Fab) (width 0.1))
    (fp_line (start -6.225 -2.3) (end -6.225 -2.9) (layer F.Fab) (width 0.1))
    (fp_line (start -6.225 -2.9) (end 5.575 -2.9) (layer F.Fab) (width 0.1))
    (fp_line (start 5.575 -2.9) (end 5.575 2.9) (layer F.Fab) (width 0.1))
    (fp_line (start 4.15 3.1) (end -6.375 3.1) (layer F.SilkS) (width 0.12))
    (fp_line (start 4.6 -3.1) (end 5.725 -3.1) (layer F.SilkS) (width 0.12))
    (fp_line (start 0.65 -3.1) (end 3.05 -3.1) (layer F.SilkS) (width 0.12))
    (fp_line (start -2.35 -3.1) (end -1 -3.1) (layer F.SilkS) (width 0.12))
    (fp_line (start -6.375 -3.1) (end -4 -3.1) (layer F.SilkS) (width 0.12))
    (fp_line (start 6.07 5) (end 6.07 -5) (layer F.CrtYd) (width 0.05))
    (fp_line (start -8.73 5) (end -8.73 -5) (layer F.CrtYd) (width 0.05))
    (fp_line (start 5.725 3.1) (end 5.725 -3.1) (layer F.SilkS) (width 0.12))
    (fp_line (start -8.73 5) (end 6.07 5) (layer F.CrtYd) (width 0.05))
    (fp_line (start -8.73 -5) (end 6.07 -5) (layer F.CrtYd) (width 0.05))
    (fp_line (start -6.375 -3.1) (end -6.375 -2.5) (layer F.SilkS) (width 0.12))
    (fp_line (start -6.375 2.5) (end -6.375 3.1) (layer F.SilkS) (width 0.12))
    (fp_line (start -8.375 -2.5) (end -8.375 2.5) (layer F.SilkS) (width 0.12))
    (fp_line (start -6.375 -2.5) (end -8.375 -2.5) (layer F.SilkS) (width 0.12))
    (fp_line (start -6.375 2.5) (end -8.375 2.5) (layer F.SilkS) (width 0.12))
    (fp_circle (center 3.9 -2.35) (end 3.95 -2.1) (layer F.Fab) (width 0.12))
    (pad R2 smd rect (at 4.925 3.25 180) (size 1.2 2.5) (layers F.Cu F.Paste F.Mask)
      (net 13 "Net-(J2-PadR2)"))
    (pad T smd rect (at 3.825 -3.25 180) (size 1.2 2.5) (layers F.Cu F.Paste F.Mask)
      (net 6 /Left_out))
    (pad R1 smd rect (at -0.175 -3.25 180) (size 1.2 2.5) (layers F.Cu F.Paste F.Mask)
      (net 7 /Right_out))
    (pad S smd rect (at -3.175 -3.25 180) (size 1.2 2.5) (layers F.Cu F.Paste F.Mask)
      (net 5 GND))
    (pad "" np_thru_hole circle (at -4.775 0 180) (size 1.5 1.5) (drill 1.5) (layers *.Cu *.Mask))
    (pad "" np_thru_hole circle (at 2.225 0 180) (size 1.5 1.5) (drill 1.5) (layers *.Cu *.Mask))
    (model ${KISYS3DMOD}/Connector_Audio.3dshapes/Jack_3.5mm_PJ320D_Horizontal.wrl
      (at (xyz 0 0 0))
      (scale (xyz 1 1 1))
      (rotate (xyz 0 0 0))
    )
  )

  (module Package_SO:SOIC-8_3.9x4.9mm_P1.27mm (layer F.Cu) (tedit 5A02F2D3) (tstamp 5C59CFC9)
    (at 118.164 83.412 90)
